{
 "cells": [
  {
   "cell_type": "markdown",
   "metadata": {},
   "source": [
    "# pandas practice session"
   ]
  },
  {
   "cell_type": "code",
   "execution_count": 13,
   "metadata": {},
   "outputs": [],
   "source": [
    "import pandas as pd "
   ]
  },
  {
   "cell_type": "code",
   "execution_count": 14,
   "metadata": {},
   "outputs": [],
   "source": [
    "import numpy as np"
   ]
  },
  {
   "cell_type": "code",
   "execution_count": 15,
   "metadata": {},
   "outputs": [],
   "source": [
    "dict1 = {\"a\":1, \"b\":2, \"c\":3, \"d\":4}"
   ]
  },
  {
   "cell_type": "code",
   "execution_count": 16,
   "metadata": {},
   "outputs": [
    {
     "data": {
      "text/plain": [
       "a    1\n",
       "b    2\n",
       "c    3\n",
       "d    4\n",
       "dtype: int64"
      ]
     },
     "execution_count": 16,
     "metadata": {},
     "output_type": "execute_result"
    }
   ],
   "source": [
    "pd.Series(dict1)"
   ]
  },
  {
   "cell_type": "code",
   "execution_count": 17,
   "metadata": {},
   "outputs": [
    {
     "data": {
      "text/plain": [
       "1    7\n",
       "2    7\n",
       "3    7\n",
       "4    7\n",
       "5    7\n",
       "6    7\n",
       "7    7\n",
       "dtype: int64"
      ]
     },
     "execution_count": 17,
     "metadata": {},
     "output_type": "execute_result"
    }
   ],
   "source": [
    "pd.Series(7, index = [1,2,3,4,5,6,7])"
   ]
  },
  {
   "cell_type": "code",
   "execution_count": 18,
   "metadata": {},
   "outputs": [],
   "source": [
    "#creating dataframe"
   ]
  },
  {
   "cell_type": "code",
   "execution_count": 19,
   "metadata": {},
   "outputs": [],
   "source": [
    "name = ['vj', 'aj', 'rakesh', 'vinod', 'avi']"
   ]
  },
  {
   "cell_type": "code",
   "execution_count": 20,
   "metadata": {},
   "outputs": [],
   "source": [
    "brand = ['huawei', 'apple', 'oneplus','oneplus','realme']"
   ]
  },
  {
   "cell_type": "code",
   "execution_count": 21,
   "metadata": {},
   "outputs": [],
   "source": [
    "df = pd.DataFrame(name)\n",
    "df[1]=brand\n"
   ]
  },
  {
   "cell_type": "code",
   "execution_count": 22,
   "metadata": {},
   "outputs": [
    {
     "data": {
      "text/html": [
       "<div>\n",
       "<style scoped>\n",
       "    .dataframe tbody tr th:only-of-type {\n",
       "        vertical-align: middle;\n",
       "    }\n",
       "\n",
       "    .dataframe tbody tr th {\n",
       "        vertical-align: top;\n",
       "    }\n",
       "\n",
       "    .dataframe thead th {\n",
       "        text-align: right;\n",
       "    }\n",
       "</style>\n",
       "<table border=\"1\" class=\"dataframe\">\n",
       "  <thead>\n",
       "    <tr style=\"text-align: right;\">\n",
       "      <th></th>\n",
       "      <th>0</th>\n",
       "      <th>1</th>\n",
       "    </tr>\n",
       "  </thead>\n",
       "  <tbody>\n",
       "    <tr>\n",
       "      <th>0</th>\n",
       "      <td>vj</td>\n",
       "      <td>huawei</td>\n",
       "    </tr>\n",
       "    <tr>\n",
       "      <th>1</th>\n",
       "      <td>aj</td>\n",
       "      <td>apple</td>\n",
       "    </tr>\n",
       "    <tr>\n",
       "      <th>2</th>\n",
       "      <td>rakesh</td>\n",
       "      <td>oneplus</td>\n",
       "    </tr>\n",
       "    <tr>\n",
       "      <th>3</th>\n",
       "      <td>vinod</td>\n",
       "      <td>oneplus</td>\n",
       "    </tr>\n",
       "    <tr>\n",
       "      <th>4</th>\n",
       "      <td>avi</td>\n",
       "      <td>realme</td>\n",
       "    </tr>\n",
       "  </tbody>\n",
       "</table>\n",
       "</div>"
      ],
      "text/plain": [
       "        0        1\n",
       "0      vj   huawei\n",
       "1      aj    apple\n",
       "2  rakesh  oneplus\n",
       "3   vinod  oneplus\n",
       "4     avi   realme"
      ]
     },
     "execution_count": 22,
     "metadata": {},
     "output_type": "execute_result"
    }
   ],
   "source": [
    "df"
   ]
  },
  {
   "cell_type": "code",
   "execution_count": 23,
   "metadata": {},
   "outputs": [],
   "source": [
    "dict2 = [{\"a\":7,\"b\":9, \"c\":11}, {\"a\":5, \"b\":8, \"c\":3}]"
   ]
  },
  {
   "cell_type": "code",
   "execution_count": 24,
   "metadata": {},
   "outputs": [
    {
     "data": {
      "text/html": [
       "<div>\n",
       "<style scoped>\n",
       "    .dataframe tbody tr th:only-of-type {\n",
       "        vertical-align: middle;\n",
       "    }\n",
       "\n",
       "    .dataframe tbody tr th {\n",
       "        vertical-align: top;\n",
       "    }\n",
       "\n",
       "    .dataframe thead th {\n",
       "        text-align: right;\n",
       "    }\n",
       "</style>\n",
       "<table border=\"1\" class=\"dataframe\">\n",
       "  <thead>\n",
       "    <tr style=\"text-align: right;\">\n",
       "      <th></th>\n",
       "      <th>a</th>\n",
       "      <th>b</th>\n",
       "      <th>c</th>\n",
       "    </tr>\n",
       "  </thead>\n",
       "  <tbody>\n",
       "    <tr>\n",
       "      <th>row1</th>\n",
       "      <td>7</td>\n",
       "      <td>9</td>\n",
       "      <td>11</td>\n",
       "    </tr>\n",
       "    <tr>\n",
       "      <th>row2</th>\n",
       "      <td>5</td>\n",
       "      <td>8</td>\n",
       "      <td>3</td>\n",
       "    </tr>\n",
       "  </tbody>\n",
       "</table>\n",
       "</div>"
      ],
      "text/plain": [
       "      a  b   c\n",
       "row1  7  9  11\n",
       "row2  5  8   3"
      ]
     },
     "execution_count": 24,
     "metadata": {},
     "output_type": "execute_result"
    }
   ],
   "source": [
    "df2 = pd.DataFrame(dict2, index=[\"row1\", \"row2\"], columns=[\"a\", \"b\", \"c\"])\n",
    "df2"
   ]
  },
  {
   "cell_type": "code",
   "execution_count": 45,
   "metadata": {},
   "outputs": [],
   "source": [
    "df3 = pd.DataFrame({'name':['vj','aj','vinod','avi'], 'brand':['huawei','apple','oneplus','realme']})"
   ]
  },
  {
   "cell_type": "code",
   "execution_count": 46,
   "metadata": {},
   "outputs": [
    {
     "data": {
      "text/html": [
       "<div>\n",
       "<style scoped>\n",
       "    .dataframe tbody tr th:only-of-type {\n",
       "        vertical-align: middle;\n",
       "    }\n",
       "\n",
       "    .dataframe tbody tr th {\n",
       "        vertical-align: top;\n",
       "    }\n",
       "\n",
       "    .dataframe thead th {\n",
       "        text-align: right;\n",
       "    }\n",
       "</style>\n",
       "<table border=\"1\" class=\"dataframe\">\n",
       "  <thead>\n",
       "    <tr style=\"text-align: right;\">\n",
       "      <th></th>\n",
       "      <th>name</th>\n",
       "      <th>brand</th>\n",
       "    </tr>\n",
       "  </thead>\n",
       "  <tbody>\n",
       "    <tr>\n",
       "      <th>0</th>\n",
       "      <td>vj</td>\n",
       "      <td>huawei</td>\n",
       "    </tr>\n",
       "    <tr>\n",
       "      <th>1</th>\n",
       "      <td>aj</td>\n",
       "      <td>apple</td>\n",
       "    </tr>\n",
       "    <tr>\n",
       "      <th>2</th>\n",
       "      <td>vinod</td>\n",
       "      <td>oneplus</td>\n",
       "    </tr>\n",
       "    <tr>\n",
       "      <th>3</th>\n",
       "      <td>avi</td>\n",
       "      <td>realme</td>\n",
       "    </tr>\n",
       "  </tbody>\n",
       "</table>\n",
       "</div>"
      ],
      "text/plain": [
       "    name    brand\n",
       "0     vj   huawei\n",
       "1     aj    apple\n",
       "2  vinod  oneplus\n",
       "3    avi   realme"
      ]
     },
     "execution_count": 46,
     "metadata": {},
     "output_type": "execute_result"
    }
   ],
   "source": [
    "df3"
   ]
  },
  {
   "cell_type": "code",
   "execution_count": 47,
   "metadata": {},
   "outputs": [],
   "source": [
    "# Date function"
   ]
  },
  {
   "cell_type": "code",
   "execution_count": 48,
   "metadata": {},
   "outputs": [],
   "source": [
    "dates = pd.date_range(start='2020-03-22', end='2020-07-22')"
   ]
  },
  {
   "cell_type": "code",
   "execution_count": 49,
   "metadata": {},
   "outputs": [
    {
     "data": {
      "text/plain": [
       "DatetimeIndex(['2020-03-22', '2020-03-23', '2020-03-24', '2020-03-25',\n",
       "               '2020-03-26', '2020-03-27', '2020-03-28', '2020-03-29',\n",
       "               '2020-03-30', '2020-03-31',\n",
       "               ...\n",
       "               '2020-07-13', '2020-07-14', '2020-07-15', '2020-07-16',\n",
       "               '2020-07-17', '2020-07-18', '2020-07-19', '2020-07-20',\n",
       "               '2020-07-21', '2020-07-22'],\n",
       "              dtype='datetime64[ns]', length=123, freq='D')"
      ]
     },
     "execution_count": 49,
     "metadata": {},
     "output_type": "execute_result"
    }
   ],
   "source": [
    "dates"
   ]
  },
  {
   "cell_type": "code",
   "execution_count": null,
   "metadata": {},
   "outputs": [],
   "source": []
  },
  {
   "cell_type": "code",
   "execution_count": 50,
   "metadata": {},
   "outputs": [],
   "source": [
    "dates = pd.date_range('today', periods=10)"
   ]
  },
  {
   "cell_type": "code",
   "execution_count": 51,
   "metadata": {},
   "outputs": [
    {
     "data": {
      "text/plain": [
       "DatetimeIndex(['2020-07-24 13:33:25.661536', '2020-07-25 13:33:25.661536',\n",
       "               '2020-07-26 13:33:25.661536', '2020-07-27 13:33:25.661536',\n",
       "               '2020-07-28 13:33:25.661536', '2020-07-29 13:33:25.661536',\n",
       "               '2020-07-30 13:33:25.661536', '2020-07-31 13:33:25.661536',\n",
       "               '2020-08-01 13:33:25.661536', '2020-08-02 13:33:25.661536'],\n",
       "              dtype='datetime64[ns]', freq='D')"
      ]
     },
     "execution_count": 51,
     "metadata": {},
     "output_type": "execute_result"
    }
   ],
   "source": [
    "dates"
   ]
  },
  {
   "cell_type": "code",
   "execution_count": 52,
   "metadata": {},
   "outputs": [],
   "source": [
    "df4 = pd.DataFrame(np.random.random((10,10)), index=dates)"
   ]
  },
  {
   "cell_type": "code",
   "execution_count": 53,
   "metadata": {},
   "outputs": [
    {
     "data": {
      "text/html": [
       "<div>\n",
       "<style scoped>\n",
       "    .dataframe tbody tr th:only-of-type {\n",
       "        vertical-align: middle;\n",
       "    }\n",
       "\n",
       "    .dataframe tbody tr th {\n",
       "        vertical-align: top;\n",
       "    }\n",
       "\n",
       "    .dataframe thead th {\n",
       "        text-align: right;\n",
       "    }\n",
       "</style>\n",
       "<table border=\"1\" class=\"dataframe\">\n",
       "  <thead>\n",
       "    <tr style=\"text-align: right;\">\n",
       "      <th></th>\n",
       "      <th>0</th>\n",
       "      <th>1</th>\n",
       "      <th>2</th>\n",
       "      <th>3</th>\n",
       "      <th>4</th>\n",
       "      <th>5</th>\n",
       "      <th>6</th>\n",
       "      <th>7</th>\n",
       "      <th>8</th>\n",
       "      <th>9</th>\n",
       "    </tr>\n",
       "  </thead>\n",
       "  <tbody>\n",
       "    <tr>\n",
       "      <th>2020-07-24 13:33:25.661536</th>\n",
       "      <td>0.901336</td>\n",
       "      <td>0.010226</td>\n",
       "      <td>0.315416</td>\n",
       "      <td>0.817567</td>\n",
       "      <td>0.800897</td>\n",
       "      <td>0.907712</td>\n",
       "      <td>0.809087</td>\n",
       "      <td>0.237839</td>\n",
       "      <td>0.951964</td>\n",
       "      <td>0.617497</td>\n",
       "    </tr>\n",
       "    <tr>\n",
       "      <th>2020-07-25 13:33:25.661536</th>\n",
       "      <td>0.068581</td>\n",
       "      <td>0.890687</td>\n",
       "      <td>0.492243</td>\n",
       "      <td>0.518749</td>\n",
       "      <td>0.506127</td>\n",
       "      <td>0.915397</td>\n",
       "      <td>0.490800</td>\n",
       "      <td>0.090768</td>\n",
       "      <td>0.888549</td>\n",
       "      <td>0.993892</td>\n",
       "    </tr>\n",
       "    <tr>\n",
       "      <th>2020-07-26 13:33:25.661536</th>\n",
       "      <td>0.637212</td>\n",
       "      <td>0.143545</td>\n",
       "      <td>0.141890</td>\n",
       "      <td>0.531922</td>\n",
       "      <td>0.046173</td>\n",
       "      <td>0.619879</td>\n",
       "      <td>0.324509</td>\n",
       "      <td>0.039969</td>\n",
       "      <td>0.180959</td>\n",
       "      <td>0.534952</td>\n",
       "    </tr>\n",
       "    <tr>\n",
       "      <th>2020-07-27 13:33:25.661536</th>\n",
       "      <td>0.944191</td>\n",
       "      <td>0.249529</td>\n",
       "      <td>0.179429</td>\n",
       "      <td>0.859693</td>\n",
       "      <td>0.797266</td>\n",
       "      <td>0.869383</td>\n",
       "      <td>0.166033</td>\n",
       "      <td>0.963556</td>\n",
       "      <td>0.365077</td>\n",
       "      <td>0.883825</td>\n",
       "    </tr>\n",
       "    <tr>\n",
       "      <th>2020-07-28 13:33:25.661536</th>\n",
       "      <td>0.095875</td>\n",
       "      <td>0.679969</td>\n",
       "      <td>0.405712</td>\n",
       "      <td>0.616899</td>\n",
       "      <td>0.209895</td>\n",
       "      <td>0.272053</td>\n",
       "      <td>0.189718</td>\n",
       "      <td>0.306788</td>\n",
       "      <td>0.897966</td>\n",
       "      <td>0.227871</td>\n",
       "    </tr>\n",
       "    <tr>\n",
       "      <th>2020-07-29 13:33:25.661536</th>\n",
       "      <td>0.351572</td>\n",
       "      <td>0.430867</td>\n",
       "      <td>0.443148</td>\n",
       "      <td>0.375685</td>\n",
       "      <td>0.826678</td>\n",
       "      <td>0.551672</td>\n",
       "      <td>0.211799</td>\n",
       "      <td>0.687906</td>\n",
       "      <td>0.102594</td>\n",
       "      <td>0.097525</td>\n",
       "    </tr>\n",
       "    <tr>\n",
       "      <th>2020-07-30 13:33:25.661536</th>\n",
       "      <td>0.711591</td>\n",
       "      <td>0.331237</td>\n",
       "      <td>0.180364</td>\n",
       "      <td>0.713384</td>\n",
       "      <td>0.469814</td>\n",
       "      <td>0.642792</td>\n",
       "      <td>0.152716</td>\n",
       "      <td>0.959018</td>\n",
       "      <td>0.259630</td>\n",
       "      <td>0.100382</td>\n",
       "    </tr>\n",
       "    <tr>\n",
       "      <th>2020-07-31 13:33:25.661536</th>\n",
       "      <td>0.303112</td>\n",
       "      <td>0.700710</td>\n",
       "      <td>0.378576</td>\n",
       "      <td>0.381911</td>\n",
       "      <td>0.069963</td>\n",
       "      <td>0.718808</td>\n",
       "      <td>0.052949</td>\n",
       "      <td>0.137587</td>\n",
       "      <td>0.309698</td>\n",
       "      <td>0.943460</td>\n",
       "    </tr>\n",
       "    <tr>\n",
       "      <th>2020-08-01 13:33:25.661536</th>\n",
       "      <td>0.327015</td>\n",
       "      <td>0.384322</td>\n",
       "      <td>0.061911</td>\n",
       "      <td>0.960271</td>\n",
       "      <td>0.169654</td>\n",
       "      <td>0.621209</td>\n",
       "      <td>0.032049</td>\n",
       "      <td>0.563350</td>\n",
       "      <td>0.944355</td>\n",
       "      <td>0.935804</td>\n",
       "    </tr>\n",
       "    <tr>\n",
       "      <th>2020-08-02 13:33:25.661536</th>\n",
       "      <td>0.307792</td>\n",
       "      <td>0.485599</td>\n",
       "      <td>0.084013</td>\n",
       "      <td>0.779783</td>\n",
       "      <td>0.041015</td>\n",
       "      <td>0.408159</td>\n",
       "      <td>0.601900</td>\n",
       "      <td>0.877151</td>\n",
       "      <td>0.391312</td>\n",
       "      <td>0.808687</td>\n",
       "    </tr>\n",
       "  </tbody>\n",
       "</table>\n",
       "</div>"
      ],
      "text/plain": [
       "                                   0         1         2         3         4  \\\n",
       "2020-07-24 13:33:25.661536  0.901336  0.010226  0.315416  0.817567  0.800897   \n",
       "2020-07-25 13:33:25.661536  0.068581  0.890687  0.492243  0.518749  0.506127   \n",
       "2020-07-26 13:33:25.661536  0.637212  0.143545  0.141890  0.531922  0.046173   \n",
       "2020-07-27 13:33:25.661536  0.944191  0.249529  0.179429  0.859693  0.797266   \n",
       "2020-07-28 13:33:25.661536  0.095875  0.679969  0.405712  0.616899  0.209895   \n",
       "2020-07-29 13:33:25.661536  0.351572  0.430867  0.443148  0.375685  0.826678   \n",
       "2020-07-30 13:33:25.661536  0.711591  0.331237  0.180364  0.713384  0.469814   \n",
       "2020-07-31 13:33:25.661536  0.303112  0.700710  0.378576  0.381911  0.069963   \n",
       "2020-08-01 13:33:25.661536  0.327015  0.384322  0.061911  0.960271  0.169654   \n",
       "2020-08-02 13:33:25.661536  0.307792  0.485599  0.084013  0.779783  0.041015   \n",
       "\n",
       "                                   5         6         7         8         9  \n",
       "2020-07-24 13:33:25.661536  0.907712  0.809087  0.237839  0.951964  0.617497  \n",
       "2020-07-25 13:33:25.661536  0.915397  0.490800  0.090768  0.888549  0.993892  \n",
       "2020-07-26 13:33:25.661536  0.619879  0.324509  0.039969  0.180959  0.534952  \n",
       "2020-07-27 13:33:25.661536  0.869383  0.166033  0.963556  0.365077  0.883825  \n",
       "2020-07-28 13:33:25.661536  0.272053  0.189718  0.306788  0.897966  0.227871  \n",
       "2020-07-29 13:33:25.661536  0.551672  0.211799  0.687906  0.102594  0.097525  \n",
       "2020-07-30 13:33:25.661536  0.642792  0.152716  0.959018  0.259630  0.100382  \n",
       "2020-07-31 13:33:25.661536  0.718808  0.052949  0.137587  0.309698  0.943460  \n",
       "2020-08-01 13:33:25.661536  0.621209  0.032049  0.563350  0.944355  0.935804  \n",
       "2020-08-02 13:33:25.661536  0.408159  0.601900  0.877151  0.391312  0.808687  "
      ]
     },
     "execution_count": 53,
     "metadata": {},
     "output_type": "execute_result"
    }
   ],
   "source": [
    "df4"
   ]
  },
  {
   "cell_type": "code",
   "execution_count": 54,
   "metadata": {},
   "outputs": [],
   "source": [
    "# Sort function"
   ]
  },
  {
   "cell_type": "code",
   "execution_count": 55,
   "metadata": {},
   "outputs": [
    {
     "data": {
      "text/html": [
       "<div>\n",
       "<style scoped>\n",
       "    .dataframe tbody tr th:only-of-type {\n",
       "        vertical-align: middle;\n",
       "    }\n",
       "\n",
       "    .dataframe tbody tr th {\n",
       "        vertical-align: top;\n",
       "    }\n",
       "\n",
       "    .dataframe thead th {\n",
       "        text-align: right;\n",
       "    }\n",
       "</style>\n",
       "<table border=\"1\" class=\"dataframe\">\n",
       "  <thead>\n",
       "    <tr style=\"text-align: right;\">\n",
       "      <th></th>\n",
       "      <th>0</th>\n",
       "      <th>1</th>\n",
       "      <th>2</th>\n",
       "      <th>3</th>\n",
       "      <th>4</th>\n",
       "      <th>5</th>\n",
       "      <th>6</th>\n",
       "      <th>7</th>\n",
       "      <th>8</th>\n",
       "      <th>9</th>\n",
       "    </tr>\n",
       "  </thead>\n",
       "  <tbody>\n",
       "    <tr>\n",
       "      <th>2020-07-25 13:33:25.661536</th>\n",
       "      <td>0.068581</td>\n",
       "      <td>0.890687</td>\n",
       "      <td>0.492243</td>\n",
       "      <td>0.518749</td>\n",
       "      <td>0.506127</td>\n",
       "      <td>0.915397</td>\n",
       "      <td>0.490800</td>\n",
       "      <td>0.090768</td>\n",
       "      <td>0.888549</td>\n",
       "      <td>0.993892</td>\n",
       "    </tr>\n",
       "    <tr>\n",
       "      <th>2020-07-28 13:33:25.661536</th>\n",
       "      <td>0.095875</td>\n",
       "      <td>0.679969</td>\n",
       "      <td>0.405712</td>\n",
       "      <td>0.616899</td>\n",
       "      <td>0.209895</td>\n",
       "      <td>0.272053</td>\n",
       "      <td>0.189718</td>\n",
       "      <td>0.306788</td>\n",
       "      <td>0.897966</td>\n",
       "      <td>0.227871</td>\n",
       "    </tr>\n",
       "    <tr>\n",
       "      <th>2020-07-31 13:33:25.661536</th>\n",
       "      <td>0.303112</td>\n",
       "      <td>0.700710</td>\n",
       "      <td>0.378576</td>\n",
       "      <td>0.381911</td>\n",
       "      <td>0.069963</td>\n",
       "      <td>0.718808</td>\n",
       "      <td>0.052949</td>\n",
       "      <td>0.137587</td>\n",
       "      <td>0.309698</td>\n",
       "      <td>0.943460</td>\n",
       "    </tr>\n",
       "    <tr>\n",
       "      <th>2020-08-02 13:33:25.661536</th>\n",
       "      <td>0.307792</td>\n",
       "      <td>0.485599</td>\n",
       "      <td>0.084013</td>\n",
       "      <td>0.779783</td>\n",
       "      <td>0.041015</td>\n",
       "      <td>0.408159</td>\n",
       "      <td>0.601900</td>\n",
       "      <td>0.877151</td>\n",
       "      <td>0.391312</td>\n",
       "      <td>0.808687</td>\n",
       "    </tr>\n",
       "    <tr>\n",
       "      <th>2020-08-01 13:33:25.661536</th>\n",
       "      <td>0.327015</td>\n",
       "      <td>0.384322</td>\n",
       "      <td>0.061911</td>\n",
       "      <td>0.960271</td>\n",
       "      <td>0.169654</td>\n",
       "      <td>0.621209</td>\n",
       "      <td>0.032049</td>\n",
       "      <td>0.563350</td>\n",
       "      <td>0.944355</td>\n",
       "      <td>0.935804</td>\n",
       "    </tr>\n",
       "    <tr>\n",
       "      <th>2020-07-29 13:33:25.661536</th>\n",
       "      <td>0.351572</td>\n",
       "      <td>0.430867</td>\n",
       "      <td>0.443148</td>\n",
       "      <td>0.375685</td>\n",
       "      <td>0.826678</td>\n",
       "      <td>0.551672</td>\n",
       "      <td>0.211799</td>\n",
       "      <td>0.687906</td>\n",
       "      <td>0.102594</td>\n",
       "      <td>0.097525</td>\n",
       "    </tr>\n",
       "    <tr>\n",
       "      <th>2020-07-26 13:33:25.661536</th>\n",
       "      <td>0.637212</td>\n",
       "      <td>0.143545</td>\n",
       "      <td>0.141890</td>\n",
       "      <td>0.531922</td>\n",
       "      <td>0.046173</td>\n",
       "      <td>0.619879</td>\n",
       "      <td>0.324509</td>\n",
       "      <td>0.039969</td>\n",
       "      <td>0.180959</td>\n",
       "      <td>0.534952</td>\n",
       "    </tr>\n",
       "    <tr>\n",
       "      <th>2020-07-30 13:33:25.661536</th>\n",
       "      <td>0.711591</td>\n",
       "      <td>0.331237</td>\n",
       "      <td>0.180364</td>\n",
       "      <td>0.713384</td>\n",
       "      <td>0.469814</td>\n",
       "      <td>0.642792</td>\n",
       "      <td>0.152716</td>\n",
       "      <td>0.959018</td>\n",
       "      <td>0.259630</td>\n",
       "      <td>0.100382</td>\n",
       "    </tr>\n",
       "    <tr>\n",
       "      <th>2020-07-24 13:33:25.661536</th>\n",
       "      <td>0.901336</td>\n",
       "      <td>0.010226</td>\n",
       "      <td>0.315416</td>\n",
       "      <td>0.817567</td>\n",
       "      <td>0.800897</td>\n",
       "      <td>0.907712</td>\n",
       "      <td>0.809087</td>\n",
       "      <td>0.237839</td>\n",
       "      <td>0.951964</td>\n",
       "      <td>0.617497</td>\n",
       "    </tr>\n",
       "    <tr>\n",
       "      <th>2020-07-27 13:33:25.661536</th>\n",
       "      <td>0.944191</td>\n",
       "      <td>0.249529</td>\n",
       "      <td>0.179429</td>\n",
       "      <td>0.859693</td>\n",
       "      <td>0.797266</td>\n",
       "      <td>0.869383</td>\n",
       "      <td>0.166033</td>\n",
       "      <td>0.963556</td>\n",
       "      <td>0.365077</td>\n",
       "      <td>0.883825</td>\n",
       "    </tr>\n",
       "  </tbody>\n",
       "</table>\n",
       "</div>"
      ],
      "text/plain": [
       "                                   0         1         2         3         4  \\\n",
       "2020-07-25 13:33:25.661536  0.068581  0.890687  0.492243  0.518749  0.506127   \n",
       "2020-07-28 13:33:25.661536  0.095875  0.679969  0.405712  0.616899  0.209895   \n",
       "2020-07-31 13:33:25.661536  0.303112  0.700710  0.378576  0.381911  0.069963   \n",
       "2020-08-02 13:33:25.661536  0.307792  0.485599  0.084013  0.779783  0.041015   \n",
       "2020-08-01 13:33:25.661536  0.327015  0.384322  0.061911  0.960271  0.169654   \n",
       "2020-07-29 13:33:25.661536  0.351572  0.430867  0.443148  0.375685  0.826678   \n",
       "2020-07-26 13:33:25.661536  0.637212  0.143545  0.141890  0.531922  0.046173   \n",
       "2020-07-30 13:33:25.661536  0.711591  0.331237  0.180364  0.713384  0.469814   \n",
       "2020-07-24 13:33:25.661536  0.901336  0.010226  0.315416  0.817567  0.800897   \n",
       "2020-07-27 13:33:25.661536  0.944191  0.249529  0.179429  0.859693  0.797266   \n",
       "\n",
       "                                   5         6         7         8         9  \n",
       "2020-07-25 13:33:25.661536  0.915397  0.490800  0.090768  0.888549  0.993892  \n",
       "2020-07-28 13:33:25.661536  0.272053  0.189718  0.306788  0.897966  0.227871  \n",
       "2020-07-31 13:33:25.661536  0.718808  0.052949  0.137587  0.309698  0.943460  \n",
       "2020-08-02 13:33:25.661536  0.408159  0.601900  0.877151  0.391312  0.808687  \n",
       "2020-08-01 13:33:25.661536  0.621209  0.032049  0.563350  0.944355  0.935804  \n",
       "2020-07-29 13:33:25.661536  0.551672  0.211799  0.687906  0.102594  0.097525  \n",
       "2020-07-26 13:33:25.661536  0.619879  0.324509  0.039969  0.180959  0.534952  \n",
       "2020-07-30 13:33:25.661536  0.642792  0.152716  0.959018  0.259630  0.100382  \n",
       "2020-07-24 13:33:25.661536  0.907712  0.809087  0.237839  0.951964  0.617497  \n",
       "2020-07-27 13:33:25.661536  0.869383  0.166033  0.963556  0.365077  0.883825  "
      ]
     },
     "execution_count": 55,
     "metadata": {},
     "output_type": "execute_result"
    }
   ],
   "source": [
    "df4.sort_values(by=0)"
   ]
  },
  {
   "cell_type": "code",
   "execution_count": null,
   "metadata": {},
   "outputs": [],
   "source": []
  },
  {
   "cell_type": "code",
   "execution_count": 56,
   "metadata": {},
   "outputs": [
    {
     "data": {
      "text/html": [
       "<div>\n",
       "<style scoped>\n",
       "    .dataframe tbody tr th:only-of-type {\n",
       "        vertical-align: middle;\n",
       "    }\n",
       "\n",
       "    .dataframe tbody tr th {\n",
       "        vertical-align: top;\n",
       "    }\n",
       "\n",
       "    .dataframe thead th {\n",
       "        text-align: right;\n",
       "    }\n",
       "</style>\n",
       "<table border=\"1\" class=\"dataframe\">\n",
       "  <thead>\n",
       "    <tr style=\"text-align: right;\">\n",
       "      <th></th>\n",
       "      <th>0</th>\n",
       "      <th>1</th>\n",
       "      <th>2</th>\n",
       "      <th>3</th>\n",
       "      <th>4</th>\n",
       "      <th>5</th>\n",
       "      <th>6</th>\n",
       "      <th>7</th>\n",
       "      <th>8</th>\n",
       "      <th>9</th>\n",
       "    </tr>\n",
       "  </thead>\n",
       "  <tbody>\n",
       "    <tr>\n",
       "      <th>2020-07-27 13:33:25.661536</th>\n",
       "      <td>0.944191</td>\n",
       "      <td>0.249529</td>\n",
       "      <td>0.179429</td>\n",
       "      <td>0.859693</td>\n",
       "      <td>0.797266</td>\n",
       "      <td>0.869383</td>\n",
       "      <td>0.166033</td>\n",
       "      <td>0.963556</td>\n",
       "      <td>0.365077</td>\n",
       "      <td>0.883825</td>\n",
       "    </tr>\n",
       "    <tr>\n",
       "      <th>2020-07-24 13:33:25.661536</th>\n",
       "      <td>0.901336</td>\n",
       "      <td>0.010226</td>\n",
       "      <td>0.315416</td>\n",
       "      <td>0.817567</td>\n",
       "      <td>0.800897</td>\n",
       "      <td>0.907712</td>\n",
       "      <td>0.809087</td>\n",
       "      <td>0.237839</td>\n",
       "      <td>0.951964</td>\n",
       "      <td>0.617497</td>\n",
       "    </tr>\n",
       "    <tr>\n",
       "      <th>2020-07-30 13:33:25.661536</th>\n",
       "      <td>0.711591</td>\n",
       "      <td>0.331237</td>\n",
       "      <td>0.180364</td>\n",
       "      <td>0.713384</td>\n",
       "      <td>0.469814</td>\n",
       "      <td>0.642792</td>\n",
       "      <td>0.152716</td>\n",
       "      <td>0.959018</td>\n",
       "      <td>0.259630</td>\n",
       "      <td>0.100382</td>\n",
       "    </tr>\n",
       "    <tr>\n",
       "      <th>2020-07-26 13:33:25.661536</th>\n",
       "      <td>0.637212</td>\n",
       "      <td>0.143545</td>\n",
       "      <td>0.141890</td>\n",
       "      <td>0.531922</td>\n",
       "      <td>0.046173</td>\n",
       "      <td>0.619879</td>\n",
       "      <td>0.324509</td>\n",
       "      <td>0.039969</td>\n",
       "      <td>0.180959</td>\n",
       "      <td>0.534952</td>\n",
       "    </tr>\n",
       "    <tr>\n",
       "      <th>2020-07-29 13:33:25.661536</th>\n",
       "      <td>0.351572</td>\n",
       "      <td>0.430867</td>\n",
       "      <td>0.443148</td>\n",
       "      <td>0.375685</td>\n",
       "      <td>0.826678</td>\n",
       "      <td>0.551672</td>\n",
       "      <td>0.211799</td>\n",
       "      <td>0.687906</td>\n",
       "      <td>0.102594</td>\n",
       "      <td>0.097525</td>\n",
       "    </tr>\n",
       "    <tr>\n",
       "      <th>2020-08-01 13:33:25.661536</th>\n",
       "      <td>0.327015</td>\n",
       "      <td>0.384322</td>\n",
       "      <td>0.061911</td>\n",
       "      <td>0.960271</td>\n",
       "      <td>0.169654</td>\n",
       "      <td>0.621209</td>\n",
       "      <td>0.032049</td>\n",
       "      <td>0.563350</td>\n",
       "      <td>0.944355</td>\n",
       "      <td>0.935804</td>\n",
       "    </tr>\n",
       "    <tr>\n",
       "      <th>2020-08-02 13:33:25.661536</th>\n",
       "      <td>0.307792</td>\n",
       "      <td>0.485599</td>\n",
       "      <td>0.084013</td>\n",
       "      <td>0.779783</td>\n",
       "      <td>0.041015</td>\n",
       "      <td>0.408159</td>\n",
       "      <td>0.601900</td>\n",
       "      <td>0.877151</td>\n",
       "      <td>0.391312</td>\n",
       "      <td>0.808687</td>\n",
       "    </tr>\n",
       "    <tr>\n",
       "      <th>2020-07-31 13:33:25.661536</th>\n",
       "      <td>0.303112</td>\n",
       "      <td>0.700710</td>\n",
       "      <td>0.378576</td>\n",
       "      <td>0.381911</td>\n",
       "      <td>0.069963</td>\n",
       "      <td>0.718808</td>\n",
       "      <td>0.052949</td>\n",
       "      <td>0.137587</td>\n",
       "      <td>0.309698</td>\n",
       "      <td>0.943460</td>\n",
       "    </tr>\n",
       "    <tr>\n",
       "      <th>2020-07-28 13:33:25.661536</th>\n",
       "      <td>0.095875</td>\n",
       "      <td>0.679969</td>\n",
       "      <td>0.405712</td>\n",
       "      <td>0.616899</td>\n",
       "      <td>0.209895</td>\n",
       "      <td>0.272053</td>\n",
       "      <td>0.189718</td>\n",
       "      <td>0.306788</td>\n",
       "      <td>0.897966</td>\n",
       "      <td>0.227871</td>\n",
       "    </tr>\n",
       "    <tr>\n",
       "      <th>2020-07-25 13:33:25.661536</th>\n",
       "      <td>0.068581</td>\n",
       "      <td>0.890687</td>\n",
       "      <td>0.492243</td>\n",
       "      <td>0.518749</td>\n",
       "      <td>0.506127</td>\n",
       "      <td>0.915397</td>\n",
       "      <td>0.490800</td>\n",
       "      <td>0.090768</td>\n",
       "      <td>0.888549</td>\n",
       "      <td>0.993892</td>\n",
       "    </tr>\n",
       "  </tbody>\n",
       "</table>\n",
       "</div>"
      ],
      "text/plain": [
       "                                   0         1         2         3         4  \\\n",
       "2020-07-27 13:33:25.661536  0.944191  0.249529  0.179429  0.859693  0.797266   \n",
       "2020-07-24 13:33:25.661536  0.901336  0.010226  0.315416  0.817567  0.800897   \n",
       "2020-07-30 13:33:25.661536  0.711591  0.331237  0.180364  0.713384  0.469814   \n",
       "2020-07-26 13:33:25.661536  0.637212  0.143545  0.141890  0.531922  0.046173   \n",
       "2020-07-29 13:33:25.661536  0.351572  0.430867  0.443148  0.375685  0.826678   \n",
       "2020-08-01 13:33:25.661536  0.327015  0.384322  0.061911  0.960271  0.169654   \n",
       "2020-08-02 13:33:25.661536  0.307792  0.485599  0.084013  0.779783  0.041015   \n",
       "2020-07-31 13:33:25.661536  0.303112  0.700710  0.378576  0.381911  0.069963   \n",
       "2020-07-28 13:33:25.661536  0.095875  0.679969  0.405712  0.616899  0.209895   \n",
       "2020-07-25 13:33:25.661536  0.068581  0.890687  0.492243  0.518749  0.506127   \n",
       "\n",
       "                                   5         6         7         8         9  \n",
       "2020-07-27 13:33:25.661536  0.869383  0.166033  0.963556  0.365077  0.883825  \n",
       "2020-07-24 13:33:25.661536  0.907712  0.809087  0.237839  0.951964  0.617497  \n",
       "2020-07-30 13:33:25.661536  0.642792  0.152716  0.959018  0.259630  0.100382  \n",
       "2020-07-26 13:33:25.661536  0.619879  0.324509  0.039969  0.180959  0.534952  \n",
       "2020-07-29 13:33:25.661536  0.551672  0.211799  0.687906  0.102594  0.097525  \n",
       "2020-08-01 13:33:25.661536  0.621209  0.032049  0.563350  0.944355  0.935804  \n",
       "2020-08-02 13:33:25.661536  0.408159  0.601900  0.877151  0.391312  0.808687  \n",
       "2020-07-31 13:33:25.661536  0.718808  0.052949  0.137587  0.309698  0.943460  \n",
       "2020-07-28 13:33:25.661536  0.272053  0.189718  0.306788  0.897966  0.227871  \n",
       "2020-07-25 13:33:25.661536  0.915397  0.490800  0.090768  0.888549  0.993892  "
      ]
     },
     "execution_count": 56,
     "metadata": {},
     "output_type": "execute_result"
    }
   ],
   "source": [
    "df4.sort_values(by=0, ascending=False)"
   ]
  },
  {
   "cell_type": "code",
   "execution_count": 64,
   "metadata": {},
   "outputs": [],
   "source": [
    "df4.columns = ['c1','c2','c3','c4','c5','c6','c7', 'c8', 'c9',]"
   ]
  },
  {
   "cell_type": "code",
   "execution_count": 65,
   "metadata": {},
   "outputs": [
    {
     "data": {
      "text/html": [
       "<div>\n",
       "<style scoped>\n",
       "    .dataframe tbody tr th:only-of-type {\n",
       "        vertical-align: middle;\n",
       "    }\n",
       "\n",
       "    .dataframe tbody tr th {\n",
       "        vertical-align: top;\n",
       "    }\n",
       "\n",
       "    .dataframe thead th {\n",
       "        text-align: right;\n",
       "    }\n",
       "</style>\n",
       "<table border=\"1\" class=\"dataframe\">\n",
       "  <thead>\n",
       "    <tr style=\"text-align: right;\">\n",
       "      <th></th>\n",
       "      <th>c1</th>\n",
       "      <th>c2</th>\n",
       "      <th>c3</th>\n",
       "      <th>c4</th>\n",
       "      <th>c5</th>\n",
       "      <th>c6</th>\n",
       "      <th>c7</th>\n",
       "      <th>c8</th>\n",
       "      <th>c9</th>\n",
       "    </tr>\n",
       "  </thead>\n",
       "  <tbody>\n",
       "    <tr>\n",
       "      <th>2020-07-24 13:33:25.661536</th>\n",
       "      <td>0.901336</td>\n",
       "      <td>0.010226</td>\n",
       "      <td>0.315416</td>\n",
       "      <td>0.817567</td>\n",
       "      <td>0.800897</td>\n",
       "      <td>0.907712</td>\n",
       "      <td>0.809087</td>\n",
       "      <td>0.237839</td>\n",
       "      <td>0.951964</td>\n",
       "    </tr>\n",
       "    <tr>\n",
       "      <th>2020-07-25 13:33:25.661536</th>\n",
       "      <td>0.068581</td>\n",
       "      <td>0.890687</td>\n",
       "      <td>0.492243</td>\n",
       "      <td>0.518749</td>\n",
       "      <td>0.506127</td>\n",
       "      <td>0.915397</td>\n",
       "      <td>0.490800</td>\n",
       "      <td>0.090768</td>\n",
       "      <td>0.888549</td>\n",
       "    </tr>\n",
       "    <tr>\n",
       "      <th>2020-07-26 13:33:25.661536</th>\n",
       "      <td>0.637212</td>\n",
       "      <td>0.143545</td>\n",
       "      <td>0.141890</td>\n",
       "      <td>0.531922</td>\n",
       "      <td>0.046173</td>\n",
       "      <td>0.619879</td>\n",
       "      <td>0.324509</td>\n",
       "      <td>0.039969</td>\n",
       "      <td>0.180959</td>\n",
       "    </tr>\n",
       "    <tr>\n",
       "      <th>2020-07-27 13:33:25.661536</th>\n",
       "      <td>0.944191</td>\n",
       "      <td>0.249529</td>\n",
       "      <td>0.179429</td>\n",
       "      <td>0.859693</td>\n",
       "      <td>0.797266</td>\n",
       "      <td>0.869383</td>\n",
       "      <td>0.166033</td>\n",
       "      <td>0.963556</td>\n",
       "      <td>0.365077</td>\n",
       "    </tr>\n",
       "    <tr>\n",
       "      <th>2020-07-28 13:33:25.661536</th>\n",
       "      <td>0.095875</td>\n",
       "      <td>0.679969</td>\n",
       "      <td>0.405712</td>\n",
       "      <td>0.616899</td>\n",
       "      <td>0.209895</td>\n",
       "      <td>0.272053</td>\n",
       "      <td>0.189718</td>\n",
       "      <td>0.306788</td>\n",
       "      <td>0.897966</td>\n",
       "    </tr>\n",
       "    <tr>\n",
       "      <th>2020-07-29 13:33:25.661536</th>\n",
       "      <td>0.351572</td>\n",
       "      <td>0.430867</td>\n",
       "      <td>0.443148</td>\n",
       "      <td>0.375685</td>\n",
       "      <td>0.826678</td>\n",
       "      <td>0.551672</td>\n",
       "      <td>0.211799</td>\n",
       "      <td>0.687906</td>\n",
       "      <td>0.102594</td>\n",
       "    </tr>\n",
       "    <tr>\n",
       "      <th>2020-07-30 13:33:25.661536</th>\n",
       "      <td>0.711591</td>\n",
       "      <td>0.331237</td>\n",
       "      <td>0.180364</td>\n",
       "      <td>0.713384</td>\n",
       "      <td>0.469814</td>\n",
       "      <td>0.642792</td>\n",
       "      <td>0.152716</td>\n",
       "      <td>0.959018</td>\n",
       "      <td>0.259630</td>\n",
       "    </tr>\n",
       "    <tr>\n",
       "      <th>2020-07-31 13:33:25.661536</th>\n",
       "      <td>0.303112</td>\n",
       "      <td>0.700710</td>\n",
       "      <td>0.378576</td>\n",
       "      <td>0.381911</td>\n",
       "      <td>0.069963</td>\n",
       "      <td>0.718808</td>\n",
       "      <td>0.052949</td>\n",
       "      <td>0.137587</td>\n",
       "      <td>0.309698</td>\n",
       "    </tr>\n",
       "    <tr>\n",
       "      <th>2020-08-01 13:33:25.661536</th>\n",
       "      <td>0.327015</td>\n",
       "      <td>0.384322</td>\n",
       "      <td>0.061911</td>\n",
       "      <td>0.960271</td>\n",
       "      <td>0.169654</td>\n",
       "      <td>0.621209</td>\n",
       "      <td>0.032049</td>\n",
       "      <td>0.563350</td>\n",
       "      <td>0.944355</td>\n",
       "    </tr>\n",
       "    <tr>\n",
       "      <th>2020-08-02 13:33:25.661536</th>\n",
       "      <td>0.307792</td>\n",
       "      <td>0.485599</td>\n",
       "      <td>0.084013</td>\n",
       "      <td>0.779783</td>\n",
       "      <td>0.041015</td>\n",
       "      <td>0.408159</td>\n",
       "      <td>0.601900</td>\n",
       "      <td>0.877151</td>\n",
       "      <td>0.391312</td>\n",
       "    </tr>\n",
       "  </tbody>\n",
       "</table>\n",
       "</div>"
      ],
      "text/plain": [
       "                                  c1        c2        c3        c4        c5  \\\n",
       "2020-07-24 13:33:25.661536  0.901336  0.010226  0.315416  0.817567  0.800897   \n",
       "2020-07-25 13:33:25.661536  0.068581  0.890687  0.492243  0.518749  0.506127   \n",
       "2020-07-26 13:33:25.661536  0.637212  0.143545  0.141890  0.531922  0.046173   \n",
